17 0.157718 0.787129 0.090604 0.017327
15 0.501678 0.866955 0.781879 0.097772
15 0.707215 0.448020 0.387584 0.059406
15 0.783557 0.379950 0.244966 0.032178
18 0.582215 0.319307 0.151007 0.160891
17 0.494128 0.140470 0.786913 0.033416
17 0.499161 0.175743 0.800336 0.029703
15 0.362416 0.383045 0.238255 0.030941
17 0.132550 0.501856 0.073826 0.018564
15 0.706376 0.639851 0.395973 0.222772
15 0.291946 0.639851 0.392617 0.222772
15 0.499161 0.207921 0.800336 0.022277
16 0.601510 0.068069 0.260067 0.019802
16 0.839765 0.063738 0.186242 0.030941
