1 0.565436 0.758907 0.100671 0.014252
1 0.566275 0.631829 0.098993 0.014252
0 0.289430 0.648456 0.387584 0.142518
0 0.708893 0.695368 0.384228 0.086698
6 0.287752 0.859857 0.390940 0.064133
4 0.661913 0.044537 0.454698 0.013064
4 0.113255 0.045131 0.021812 0.009501
0 0.498322 0.229810 0.741611 0.115202
0 0.710570 0.592637 0.390940 0.030879
0 0.709732 0.826010 0.389262 0.086698
0 0.500839 0.506532 0.743289 0.103325
0 0.255872 0.142518 0.250000 0.014252
1 0.433725 0.100950 0.605705 0.019002
0 0.495805 0.403207 0.743289 0.062945
1 0.498322 0.328979 0.741611 0.035629
0 0.290268 0.763064 0.389262 0.072447
0 0.711409 0.891924 0.389262 0.030879
