17 0.079606 0.858911 0.037567 0.014851
15 0.496422 0.123762 0.785331 0.039604
16 0.309481 0.024134 0.164580 0.011139
15 0.723614 0.858911 0.423971 0.034653
17 0.497317 0.402228 0.851521 0.049505
20 0.495528 0.917079 0.822898 0.064356
15 0.497317 0.657178 0.880143 0.336634
15 0.203041 0.058787 0.284436 0.013614
15 0.499106 0.261139 0.883721 0.198020
17 0.498211 0.086015 0.649374 0.023515
16 0.156530 0.022277 0.109123 0.012376
15 0.501789 0.457302 0.860465 0.050743
16 0.898032 0.021040 0.057245 0.012376
16 0.603757 0.023515 0.398927 0.009901
