0 0.295269 0.837602 0.384992 0.145518
0 0.707993 0.261350 0.381729 0.105937
1 0.161501 0.624563 0.110930 0.017462
1 0.172920 0.597206 0.130506 0.013970
1 0.672920 0.902212 0.321370 0.016298
0 0.294454 0.679278 0.380098 0.089639
1 0.144372 0.738068 0.076672 0.013970
4 0.862153 0.065774 0.037520 0.008149
0 0.296900 0.393481 0.381729 0.370198
1 0.181892 0.754366 0.154976 0.016298
1 0.552202 0.875437 0.073409 0.013970
0 0.499184 0.137951 0.799347 0.096624
4 0.375204 0.066356 0.541599 0.011641
1 0.590538 0.324796 0.146819 0.013970
0 0.704731 0.377765 0.378467 0.087311
1 0.626427 0.432480 0.221860 0.015134
0 0.703100 0.549476 0.375204 0.211874
1 0.591354 0.667637 0.148450 0.015134
0 0.707178 0.721769 0.380098 0.086147
1 0.579935 0.775902 0.125612 0.012806
0 0.707178 0.812573 0.383361 0.090803
