0 0.296085 0.133295 0.380098 0.089639
0 0.390701 0.612340 0.575856 0.027939
0 0.703915 0.143772 0.373573 0.101281
4 0.135400 0.066356 0.039152 0.009313
0 0.370310 0.740396 0.528548 0.030268
0 0.295269 0.568685 0.378467 0.012806
3 0.499184 0.889406 0.783034 0.037253
3 0.294454 0.531432 0.383361 0.050058
0 0.703915 0.316065 0.376835 0.196740
3 0.499184 0.788126 0.786297 0.058207
1 0.685971 0.205471 0.344209 0.015134
0 0.424144 0.850990 0.639478 0.030268
0 0.274878 0.488941 0.340946 0.025611
3 0.499184 0.667055 0.789560 0.072177
1 0.258564 0.189756 0.308320 0.013970
0 0.292822 0.280559 0.380098 0.160652
0 0.297716 0.409779 0.383361 0.088475
0 0.703100 0.482538 0.378467 0.124563
