0 0.292007 0.279977 0.384992 0.045402
4 0.862969 0.065774 0.035889 0.008149
6 0.704731 0.736903 0.381729 0.041909
3 0.294454 0.345169 0.386623 0.075669
0 0.705546 0.405704 0.376835 0.545984
1 0.138662 0.528522 0.068515 0.013970
3 0.294454 0.209546 0.383361 0.060536
0 0.293638 0.153085 0.378467 0.043073
4 0.303426 0.098952 0.032626 0.009313
4 0.432300 0.098952 0.091354 0.009313
0 0.295269 0.427823 0.378467 0.054715
1 0.558728 0.698487 0.083197 0.013970
4 0.375204 0.065192 0.541599 0.013970
4 0.563622 0.099534 0.099511 0.008149
0 0.294454 0.656577 0.376835 0.214203
4 0.172920 0.098952 0.019576 0.009313
1 0.185971 0.465658 0.163132 0.013970
0 0.292822 0.493015 0.376835 0.033760
0 0.294454 0.840512 0.380098 0.144354
6 0.705546 0.785797 0.383361 0.048894
6 0.705546 0.827707 0.376835 0.027939
6 0.707993 0.877765 0.381729 0.067520
