0 0.780587 0.443539 0.233279 0.027939
6 0.723491 0.102445 0.357259 0.025611
6 0.797716 0.891153 0.182708 0.010477
0 0.778956 0.646100 0.233279 0.027939
6 0.294454 0.529104 0.373573 0.040745
0 0.155791 0.498836 0.102773 0.010477
6 0.298532 0.104191 0.381729 0.024447
6 0.709625 0.521537 0.381729 0.055879
0 0.495106 0.835856 0.771615 0.048894
4 0.136215 0.065774 0.040783 0.012806
1 0.498369 0.771828 0.203915 0.013970
6 0.297716 0.157742 0.380098 0.071013
6 0.297716 0.225262 0.380098 0.057043
6 0.296085 0.288708 0.380098 0.058207
6 0.294454 0.349243 0.376835 0.055879
6 0.296085 0.410361 0.380098 0.059371
6 0.296085 0.458091 0.383361 0.031432
6 0.706362 0.141444 0.381729 0.040745
6 0.707178 0.194994 0.380098 0.057043
6 0.707993 0.249127 0.381729 0.044237
6 0.706362 0.296857 0.378467 0.041909
6 0.707993 0.349825 0.378467 0.057043
6 0.706362 0.396391 0.378467 0.029104
6 0.297716 0.576251 0.380098 0.041909
6 0.296085 0.622235 0.380098 0.043073
6 0.297716 0.660070 0.380098 0.025611
6 0.707993 0.583818 0.378467 0.057043
